                 Generalized Linear Model Regression Results                  
==============================================================================
Dep. Variable:             popularity   No. Observations:               114000
Model:                            GLM   Df Residuals:                   113856
Model Family:                Gaussian   Df Model:                          143
Link Function:               Identity   Scale:                          75.612
Method:                          IRLS   Log-Likelihood:            -4.0825e+05
Date:                Sun, 22 Sep 2024   Deviance:                   8.6089e+06
Time:                        18:22:08   Pearson chi2:                 8.61e+06
No. Iterations:                     3   Pseudo R-squ. (CS):             0.9962
Covariance Type:            nonrobust                                         
=================================================================================================
                                    coef    std err          z      P>|z|      [0.025      0.975]
-------------------------------------------------------------------------------------------------
const                            21.1559      1.243     17.022      0.000      18.720      23.592
danceability                     -0.6490      0.112     -5.810      0.000      -0.868      -0.430
energy                           -0.5430      0.112     -4.833      0.000      -0.763      -0.323
loudness                          1.7114      0.951      1.800      0.072      -0.152       3.575
valence                          -0.0308      0.070     -0.439      0.660      -0.168       0.107
explicit                          0.2554      0.052      4.935      0.000       0.154       0.357
acousticness                     -0.2651      0.093     -2.857      0.004      -0.447      -0.083
instrumentalness                  0.0219      0.059      0.373      0.709      -0.093       0.137
liveness                          0.3694      0.076      4.860      0.000       0.220       0.518
tempo                             0.0006      0.000      1.209      0.227      -0.000       0.001
duration_ms                      -0.2245      0.079     -2.833      0.005      -0.380      -0.069
explicit                          0.2554      0.052      4.935      0.000       0.154       0.357
danceability                     -0.6490      0.112     -5.810      0.000      -0.868      -0.430
energy                           -0.5430      0.112     -4.833      0.000      -0.763      -0.323
loudness                          1.7114      0.951      1.800      0.072      -0.152       3.575
speechiness                       1.7320      0.590      2.937      0.003       0.576       2.888
acousticness                     -0.2651      0.093     -2.857      0.004      -0.447      -0.083
instrumentalness                  0.0219      0.059      0.373      0.709      -0.093       0.137
liveness                          0.3694      0.076      4.860      0.000       0.220       0.518
valence                          -0.0308      0.070     -0.439      0.660      -0.168       0.107
tempo                             0.0006      0.000      1.209      0.227      -0.000       0.001
spoken_words                     -0.0753      0.130     -0.578      0.564      -0.331       0.180
key_1                             0.1911      0.115      1.668      0.095      -0.034       0.416
key_2                             0.1619      0.111      1.455      0.146      -0.056       0.380
key_3                            -0.1567      0.165     -0.949      0.342      -0.480       0.167
key_4                             0.1069      0.121      0.885      0.376      -0.130       0.344
key_5                             0.0320      0.119      0.270      0.787      -0.200       0.264
key_6                             0.1531      0.125      1.222      0.222      -0.093       0.399
key_7                            -0.0748      0.108     -0.695      0.487      -0.286       0.136
key_8                            -0.1065      0.128     -0.835      0.403      -0.356       0.143
key_9                             0.0189      0.112      0.168      0.866      -0.201       0.239
key_10                           -0.2763      0.128     -2.162      0.031      -0.527      -0.026
key_11                           -0.1212      0.120     -1.009      0.313      -0.357       0.114
mode_1                           -0.1121      0.057     -1.953      0.051      -0.225       0.000
time_signature_1                 -0.2875      0.837     -0.344      0.731      -1.927       1.352
time_signature_3                 -0.6423      0.797     -0.806      0.420      -2.204       0.919
time_signature_4                 -0.4284      0.795     -0.539      0.590      -1.986       1.129
time_signature_5                 -0.1155      0.817     -0.141      0.888      -1.717       1.486
track_genre_afrobeat              0.6369      0.395      1.611      0.107      -0.138       1.412
track_genre_alt-rock             -9.5491      0.393    -24.273      0.000     -10.320      -8.778
track_genre_alternative         -12.0123      0.394    -30.521      0.000     -12.784     -11.241
track_genre_ambient              -2.5197      0.397     -6.339      0.000      -3.299      -1.741
track_genre_anime                -2.6512      0.393     -6.746      0.000      -3.421      -1.881
track_genre_black-metal          -0.9927      0.405     -2.449      0.014      -1.787      -0.198
track_genre_bluegrass             4.6220      0.393     11.771      0.000       3.852       5.392
track_genre_blues                -8.4981      0.391    -21.760      0.000      -9.264      -7.733
track_genre_brazil               -7.4232      0.392    -18.956      0.000      -8.191      -6.656
track_genre_breakbeat            -4.5748      0.400    -11.427      0.000      -5.360      -3.790
track_genre_british              -2.3857      0.390     -6.113      0.000      -3.151      -1.621
track_genre_cantopop             -1.4290      0.389     -3.670      0.000      -2.192      -0.666
track_genre_chicago-house        -7.2387      0.405    -17.881      0.000      -8.032      -6.445
track_genre_children             -2.1155      0.393     -5.382      0.000      -2.886      -1.345
track_genre_chill                 0.0090      0.392      0.023      0.982      -0.759       0.777
track_genre_classical           -10.7386      0.399    -26.900      0.000     -11.521      -9.956
track_genre_club                 -4.5894      0.395    -11.615      0.000      -5.364      -3.815
track_genre_comedy                3.6052      0.428      8.415      0.000       2.765       4.445
track_genre_country             -13.8129      0.391    -35.326      0.000     -14.579     -13.047
track_genre_dance               -12.6581      0.395    -32.012      0.000     -13.433     -11.883
track_genre_dancehall            -1.4555      0.397     -3.668      0.000      -2.233      -0.678
track_genre_death-metal           1.4399      0.403      3.575      0.000       0.651       2.229
track_genre_deep-house           -1.7180      0.396     -4.341      0.000      -2.494      -0.942
track_genre_detroit-techno       -8.2104      0.408    -20.103      0.000      -9.011      -7.410
track_genre_disco                -2.5000      0.394     -6.348      0.000      -3.272      -1.728
track_genre_disney                2.0083      0.394      5.092      0.000       1.235       2.781
track_genre_drum-and-bass        -1.0341      0.402     -2.573      0.010      -1.822      -0.246
track_genre_dub                  -3.6509      0.393     -9.282      0.000      -4.422      -2.880
track_genre_dubstep              -7.0347      0.395    -17.810      0.000      -7.809      -6.261
track_genre_edm                  -8.5918      0.395    -21.776      0.000      -9.365      -7.819
track_genre_electro              -9.1606      0.394    -23.279      0.000      -9.932      -8.389
track_genre_electronic           -3.3625      0.394     -8.534      0.000      -4.135      -2.590
track_genre_emo                  -4.6496      0.394    -11.797      0.000      -5.422      -3.877
track_genre_folk                 -8.4006      0.390    -21.544      0.000      -9.165      -7.636
track_genre_forro               -11.1682      0.395    -28.284      0.000     -11.942     -10.394
track_genre_french               -0.5002      0.392     -1.275      0.202      -1.269       0.269
track_genre_funk                -10.3532      0.393    -26.319      0.000     -11.124      -9.582
track_genre_garage                3.2927      0.393      8.368      0.000       2.522       4.064
track_genre_german              -10.6607      0.392    -27.204      0.000     -11.429      -9.893
track_genre_gospel              -11.3472      0.392    -28.948      0.000     -12.115     -10.579
track_genre_goth                  2.8638      0.394      7.265      0.000       2.091       3.636
track_genre_grindcore            -4.4471      0.415    -10.720      0.000      -5.260      -3.634
track_genre_groove               -0.9027      0.394     -2.293      0.022      -1.674      -0.131
track_genre_grunge                0.3621      0.395      0.917      0.359      -0.412       1.136
track_genre_guitar                1.0910      0.394      2.767      0.006       0.318       1.864
track_genre_happy                 0.4658      0.401      1.161      0.246      -0.320       1.252
track_genre_hard-rock            -8.6768      0.395    -21.981      0.000      -9.450      -7.903
track_genre_hardcore              0.7715      0.397      1.944      0.052      -0.006       1.549
track_genre_hardstyle             0.9412      0.399      2.356      0.018       0.158       1.724
track_genre_heavy-metal           3.4228      0.398      8.590      0.000       2.642       4.204
track_genre_hip-hop              -5.3197      0.395    -13.468      0.000      -6.094      -4.546
track_genre_honky-tonk           -4.1762      0.393    -10.628      0.000      -4.946      -3.406
track_genre_house                -9.2058      0.395    -23.300      0.000      -9.980      -8.431
track_genre_idm                  -6.3099      0.399    -15.797      0.000      -7.093      -5.527
track_genre_indian               -3.6346      0.390     -9.309      0.000      -4.400      -2.869
track_genre_indie                -8.0658      0.390    -20.668      0.000      -8.831      -7.301
track_genre_indie-pop            -7.6835      0.390    -19.680      0.000      -8.449      -6.918
track_genre_industrial            1.6004      0.397      4.029      0.000       0.822       2.379
track_genre_iranian             -16.0588      0.402    -39.961      0.000     -16.846     -15.271
track_genre_j-dance               0.9288      0.399      2.327      0.020       0.147       1.711
track_genre_j-idol                3.0311      0.397      7.640      0.000       2.254       3.809
track_genre_j-pop                -7.8397      0.391    -20.045      0.000      -8.606      -7.073
track_genre_j-rock               -3.7748      0.393     -9.612      0.000      -4.545      -3.005
track_genre_jazz                -14.8248      0.391    -37.917      0.000     -15.591     -14.059
track_genre_k-pop                -2.9665      0.393     -7.548      0.000      -3.737      -2.196
track_genre_kids                 -5.0896      0.397    -12.809      0.000      -5.868      -4.311
track_genre_latin               -15.0174      0.395    -37.982      0.000     -15.792     -14.242
track_genre_latino              -11.8686      0.396    -29.989      0.000     -12.644     -11.093
track_genre_malay                 1.3993      0.391      3.576      0.000       0.632       2.166
track_genre_mandopop             -0.7338      0.390     -1.883      0.060      -1.497       0.030
track_genre_metal                -7.0461      0.397    -17.760      0.000      -7.824      -6.268
track_genre_metalcore             1.4697      0.399      3.681      0.000       0.687       2.252
track_genre_minimal-techno       -5.1950      0.407    -12.751      0.000      -5.994      -4.396
track_genre_mpb                 -10.9354      0.392    -27.929      0.000     -11.703     -10.168
track_genre_new-age              -0.0834      0.400     -0.209      0.835      -0.867       0.700
track_genre_opera                 0.1548      0.394      0.393      0.694      -0.617       0.927
track_genre_pagode               -7.7831      0.396    -19.641      0.000      -8.560      -7.006
track_genre_party                -0.5396      0.397     -1.360      0.174      -1.317       0.238
track_genre_piano                -2.9325      0.393     -7.455      0.000      -3.703      -2.162
track_genre_pop                  -6.1872      0.394    -15.712      0.000      -6.959      -5.415
track_genre_pop-film              4.0176      0.391     10.268      0.000       3.251       4.784
track_genre_power-pop             2.6465      0.396      6.678      0.000       1.870       3.423
track_genre_progressive-house    -2.9621      0.396     -7.476      0.000      -3.739      -2.186
track_genre_psych-rock           -0.7492      0.391     -1.915      0.056      -1.516       0.018
track_genre_punk                -10.9676      0.394    -27.828      0.000     -11.740     -10.195
track_genre_punk-rock           -11.9874      0.394    -30.405      0.000     -12.760     -11.215
track_genre_r-n-b               -10.4657      0.391    -26.760      0.000     -11.232      -9.699
track_genre_reggae              -12.1896      0.395    -30.845      0.000     -12.964     -11.415
track_genre_reggaeton           -11.9178      0.396    -30.092      0.000     -12.694     -11.142
track_genre_rock                -13.2885      0.393    -33.809      0.000     -14.059     -12.518
track_genre_rock-n-roll           0.4085      0.391      1.045      0.296      -0.358       1.175
track_genre_rockabilly            0.5097      0.392      1.299      0.194      -0.259       1.279
track_genre_romance             -15.0049      0.395    -37.988      0.000     -15.779     -14.231
track_genre_sad                  -1.2782      0.394     -3.241      0.001      -2.051      -0.505
track_genre_salsa                 3.5792      0.396      9.048      0.000       2.804       4.354
track_genre_samba               -12.6083      0.395    -31.932      0.000     -13.382     -11.834
track_genre_sertanejo            -5.3017      0.395    -13.435      0.000      -6.075      -4.528
track_genre_show-tunes            2.6350      0.391      6.733      0.000       1.868       3.402
track_genre_singer-songwriter    -6.8078      0.389    -17.486      0.000      -7.571      -6.045
track_genre_ska                 -10.5053      0.394    -26.653      0.000     -11.278      -9.733
track_genre_sleep                -5.7007      0.420    -13.588      0.000      -6.523      -4.878
track_genre_songwriter           -6.8078      0.389    -17.486      0.000      -7.571      -6.045
track_genre_soul                -12.7161      0.391    -32.522      0.000     -13.482     -11.950
track_genre_spanish               2.5308      0.392      6.462      0.000       1.763       3.299
track_genre_study                -4.5593      0.403    -11.317      0.000      -5.349      -3.770
track_genre_swedish             -11.0860      0.390    -28.400      0.000     -11.851     -10.321
track_genre_synth-pop            -0.4812      0.393     -1.224      0.221      -1.252       0.289
track_genre_tango                 1.4919      0.395      3.781      0.000       0.718       2.265
track_genre_techno               -2.6566      0.401     -6.624      0.000      -3.443      -1.871
track_genre_trance               -4.3272      0.400    -10.818      0.000      -5.111      -3.543
track_genre_trip-hop             -2.0365      0.395     -5.161      0.000      -2.810      -1.263
track_genre_turkish             -11.9143      0.392    -30.359      0.000     -12.684     -11.145
track_genre_world-music          -4.4421      0.392    -11.329      0.000      -5.211      -3.674
popularity_category_Medium       35.3020      0.067    526.589      0.000      35.171      35.433
popularity_category_High         62.7305      0.116    541.053      0.000      62.503      62.958
=================================================================================================